[gd_scene load_steps=65 format=3 uid="uid://i1qlsccl6rnj"]

[ext_resource type="Script" path="res://PrefabObjects/Player/Player.cs" id="1_4qqyh"]
[ext_resource type="AudioStream" uid="uid://nkwdb1l1gmot" path="res://Audio/SoundEffects/PlayerHit1.ogg" id="2_cnarf"]
[ext_resource type="Script" path="res://PrefabObjects/Player/Camera.cs" id="2_spow2"]
[ext_resource type="AudioStream" uid="uid://bads62jqx3d7o" path="res://Audio/SoundEffects/PlayerDeath1.ogg" id="3_f87ft"]
[ext_resource type="AudioStream" uid="uid://djmmxwuhathap" path="res://Audio/SoundEffects/PlayerRaiseShield1.ogg" id="4_ilwjw"]
[ext_resource type="AudioStream" uid="uid://b7wf3h03hyc4n" path="res://Audio/SoundEffects/RockyFootsteps.ogg" id="5_e4mxd"]
[ext_resource type="AudioStream" uid="uid://kbgf3m75pg5d" path="res://Audio/SoundEffects/ShieldHit1.ogg" id="6_6nmip"]
[ext_resource type="AudioStream" uid="uid://dhsb7ro07kgf2" path="res://Audio/SoundEffects/WeaponSwing.ogg" id="7_m2g7b"]

[sub_resource type="CapsuleShape3D" id="CapsuleShape3D_0xbq1"]
radius = 0.15
height = 0.6

[sub_resource type="BoxShape3D" id="BoxShape3D_2n0p7"]
size = Vector3(1, 0.55, 1)

[sub_resource type="BoxShape3D" id="BoxShape3D_h2rbe"]
size = Vector3(0.1, 0.5, 0.5)

[sub_resource type="BoxShape3D" id="BoxShape3D_5upap"]

[sub_resource type="StandardMaterial3D" id="StandardMaterial3D_2n8ns"]
albedo_color = Color(1, 0.0784314, 0.0784314, 1)

[sub_resource type="BoxMesh" id="BoxMesh_al4ej"]
material = SubResource("StandardMaterial3D_2n8ns")

[sub_resource type="Animation" id="Animation_ui76d"]
resource_name = "new_animation"

[sub_resource type="AnimationLibrary" id="AnimationLibrary_bmghm"]
_data = {
"new_animation": SubResource("Animation_ui76d")
}

[sub_resource type="StandardMaterial3D" id="StandardMaterial3D_cycvc"]
resource_name = "Ase"
cull_mode = 2
albedo_color = Color(0.906332, 0.906332, 0.906332, 1)
roughness = 0.5

[sub_resource type="ArrayMesh" id="ArrayMesh_j5oqu"]
resource_name = "ukkeli_Cube_003"
_surfaces = [{
"aabb": AABB(39.7651, 0.00201535, -0.204789, 0.468578, 18.4866, 0.409438),
"attribute_data": PackedByteArray(0, 0, 0, 62, 0, 0, 128, 62, 0, 0, 192, 62, 0, 0, 0, 0, 0, 0, 192, 62, 0, 0, 0, 0, 0, 0, 32, 63, 0, 0, 128, 63, 0, 0, 32, 63, 0, 0, 0, 0, 0, 0, 0, 62, 0, 0, 0, 63, 0, 0, 192, 62, 0, 0, 64, 63, 0, 0, 192, 62, 0, 0, 64, 63, 0, 0, 32, 63, 0, 0, 64, 63, 0, 0, 32, 63, 0, 0, 64, 63, 0, 0, 192, 62, 0, 0, 128, 62, 0, 0, 192, 62, 0, 0, 128, 62, 0, 0, 32, 63, 0, 0, 128, 62, 0, 0, 32, 63, 0, 0, 128, 62, 0, 0, 192, 62, 0, 0, 0, 63, 0, 0, 192, 62, 0, 0, 0, 63, 0, 0, 32, 63, 0, 0, 0, 63, 0, 0, 32, 63, 0, 0, 0, 63, 0, 0, 32, 63, 0, 0, 128, 63, 0, 0, 32, 63, 0, 0, 128, 63, 0, 0, 32, 63, 0, 0, 0, 0, 0, 0, 32, 63, 0, 0, 0, 0, 0, 0, 32, 63, 0, 0, 64, 63, 0, 0, 32, 63, 0, 0, 64, 63, 0, 0, 32, 63, 0, 0, 64, 63, 0, 0, 32, 63, 0, 0, 64, 63, 0, 0, 32, 63, 0, 0, 0, 63, 0, 0, 32, 63, 0, 0, 0, 63, 0, 0, 32, 63, 0, 0, 0, 63, 0, 0, 32, 63, 0, 0, 0, 63, 0, 0, 32, 63, 0, 0, 128, 62, 0, 0, 32, 63, 0, 0, 128, 62, 0, 0, 32, 63, 0, 0, 128, 62, 0, 0, 32, 63, 0, 0, 128, 62, 0, 0, 32, 63, 0, 0, 128, 62, 0, 0, 32, 63, 0, 0, 128, 62, 0, 0, 32, 63, 0, 0, 128, 62, 0, 0, 32, 63, 0, 0, 128, 62, 0, 0, 32, 63, 0, 0, 0, 63, 0, 0, 32, 63, 0, 0, 0, 63, 0, 0, 32, 63, 0, 0, 0, 63, 0, 0, 32, 63, 0, 0, 0, 63, 0, 0, 32, 63, 0, 0, 64, 63, 0, 0, 32, 63, 0, 0, 64, 63, 0, 0, 32, 63, 0, 0, 64, 63, 0, 0, 32, 63, 0, 0, 64, 63, 0, 0, 32, 63, 0, 0, 128, 63, 0, 0, 32, 63, 0, 0, 128, 63, 0, 0, 32, 63, 0, 0, 0, 0, 0, 0, 32, 63, 0, 0, 0, 0, 0, 0, 32, 63, 0, 0, 128, 62, 0, 0, 32, 63, 0, 0, 128, 62, 0, 0, 32, 63, 0, 0, 128, 62, 0, 0, 32, 63, 0, 0, 0, 63, 0, 0, 32, 63, 0, 0, 0, 63, 0, 0, 32, 63, 0, 0, 0, 63, 0, 0, 96, 63, 0, 0, 0, 63, 0, 0, 96, 63, 0, 0, 0, 63, 0, 0, 96, 63, 0, 0, 0, 63, 0, 0, 96, 63, 0, 0, 128, 62, 0, 0, 96, 63, 0, 0, 128, 62, 0, 0, 96, 63, 0, 0, 128, 62, 0, 0, 0, 62, 0, 0, 0, 63, 0, 0, 0, 62, 0, 0, 0, 63, 0, 0, 192, 62, 0, 0, 64, 63, 0, 0, 0, 62, 0, 0, 128, 62, 0, 0, 0, 62, 0, 0, 128, 62, 0, 0, 192, 62, 0, 0, 0, 0, 0, 0, 192, 62, 0, 0, 0, 63, 0, 0, 192, 62, 0, 0, 0, 63, 0, 0, 192, 62, 0, 0, 0, 63, 0, 0, 192, 62, 0, 0, 128, 62, 0, 0, 192, 62, 0, 0, 128, 62, 0, 0, 192, 62, 0, 0, 128, 62, 0, 0, 32, 63, 0, 0, 64, 63, 0, 0, 96, 63, 0, 0, 0, 63, 0, 0, 32, 63, 0, 0, 64, 63, 0, 0, 96, 63, 0, 0, 0, 63, 0, 0, 32, 63, 0, 0, 128, 63, 0, 0, 96, 63, 0, 0, 128, 62, 0, 0, 32, 63, 0, 0, 0, 0, 0, 0, 96, 63, 0, 0, 128, 62, 0, 0, 32, 63, 0, 0, 128, 62, 0, 0, 32, 63, 0, 0, 128, 62, 0, 0, 32, 63, 0, 0, 128, 62, 0, 0, 32, 63, 0, 0, 128, 62, 0, 0, 32, 63, 0, 0, 0, 63, 0, 0, 32, 63, 0, 0, 0, 63, 0, 0, 32, 63, 0, 0, 0, 63, 0, 0, 32, 63, 0, 0, 0, 63, 0, 0, 192, 62, 0, 0, 32, 63, 0, 0, 32, 63, 0, 0, 32, 63, 0, 0, 192, 62, 0, 0, 0, 62, 0, 0, 32, 63, 0, 0, 0, 62, 1, 0, 32, 63, 0, 0, 32, 63, 1, 0, 32, 63, 0, 0, 32, 63, 1, 0, 32, 63, 0, 0, 32, 63, 0, 0, 32, 63, 0, 0, 0, 62, 0, 0, 32, 63, 0, 0, 0, 62, 0, 0, 32, 63, 0, 0, 0, 62, 0, 0, 64, 63, 0, 0, 128, 62, 0, 0, 64, 63, 0, 0, 128, 62, 0, 0, 64, 63, 0, 0, 128, 62, 0, 0, 64, 63, 0, 0, 128, 62, 0, 0, 64, 63, 0, 0, 0, 63, 0, 0, 64, 63, 0, 0, 0, 63, 0, 0, 64, 63, 0, 0, 0, 63, 0, 0, 64, 63, 0, 0, 0, 63, 0, 0, 32, 63, 0, 0, 0, 62, 0, 0, 32, 63, 0, 0, 0, 62, 0, 0, 32, 63, 0, 0, 0, 62, 0, 0, 32, 63, 0, 0, 0, 62, 2, 0, 32, 63, 0, 0, 32, 63, 2, 0, 32, 63, 0, 0, 32, 63, 2, 0, 32, 63, 0, 0, 32, 63, 2, 0, 32, 63, 0, 0, 32, 63, 0, 0, 128, 62, 0, 0, 0, 63, 0, 0, 192, 62, 0, 0, 32, 63, 0, 0, 128, 62, 0, 0, 128, 62, 0, 0, 192, 62, 0, 0, 0, 62, 0, 0, 32, 63, 0, 0, 0, 62, 0, 0, 64, 63, 0, 0, 128, 62, 0, 0, 64, 63, 0, 0, 128, 62, 0, 0, 32, 63, 0, 0, 0, 62, 0, 0, 32, 63, 0, 0, 32, 63, 0, 0, 64, 63, 0, 0, 0, 63, 0, 0, 64, 63, 0, 0, 0, 63, 0, 0, 32, 63, 0, 0, 32, 63, 0, 0, 32, 63, 0, 0, 0, 63, 0, 0, 32, 63, 0, 0, 128, 62, 0, 0, 32, 63, 0, 0, 128, 62, 0, 0, 32, 63, 0, 0, 64, 63),
"bone_aabbs": [AABB(0, 0, 0, -1, -1, -1), AABB(0, 0, 0, -1, -1, -1), AABB(0, 0, 0, -1, -1, -1), AABB(0, 0, 0, -1, -1, -1), AABB(0, 0, 0, -1, -1, -1), AABB(0, 0, 0, -1, -1, -1), AABB(0, 0, 0, -1, -1, -1), AABB(0, 0, 0, -1, -1, -1), AABB(0, 0, 0, -1, -1, -1), AABB(0, 0, 0, -1, -1, -1), AABB(0, 0, 0, -1, -1, -1), AABB(0, 0, 0, -1, -1, -1), AABB(0, 0, 0, -1, -1, -1), AABB(0, 0, 0, -1, -1, -1), AABB(0, 0, 0, -1, -1, -1), AABB(0, 0, 0, -1, -1, -1), AABB(0, 0, 0, -1, -1, -1), AABB(0, 0, 0, -1, -1, -1), AABB(0, 0, 0, -1, -1, -1), AABB(0, 0, 0, -1, -1, -1), AABB(0, 0, 0, -1, -1, -1), AABB(0, 0, 0, -1, -1, -1), AABB(0, 0, 0, -1, -1, -1), AABB(0, 0, 0, -1, -1, -1), AABB(0, 0, 0, -1, -1, -1), AABB(0, 0, 0, -1, -1, -1), AABB(0, 0, 0, -1, -1, -1), AABB(0, 0, 0, -1, -1, -1), AABB(0, 0, 0, -1, -1, -1), AABB(0, 0, 0, -1, -1, -1), AABB(0, 0, 0, -1, -1, -1), AABB(0, 0, 0, -1, -1, -1), AABB(0, 0, 0, -1, -1, -1), AABB(0, 0, 0, -1, -1, -1), AABB(0, 0, 0, -1, -1, -1), AABB(0, 0, 0, -1, -1, -1), AABB(0, 0, 0, -1, -1, -1), AABB(0, 0, 0, -1, -1, -1), AABB(0, 0, 0, -1, -1, -1), AABB(0, 0, 0, -1, -1, -1), AABB(0, 0, 0, -1, -1, -1), AABB(0, 0, 0, -1, -1, -1), AABB(0, 0, 0, -1, -1, -1), AABB(0, 0, 0, -1, -1, -1), AABB(0, 0, 0, -1, -1, -1), AABB(0, 0, 0, -1, -1, -1), AABB(0, 0, 0, -1, -1, -1), AABB(0, 0, 0, -1, -1, -1), AABB(0, 0, 0, -1, -1, -1), AABB(0, 0, 0, -1, -1, -1), AABB(0, 0, 0, -1, -1, -1), AABB(0, 0, 0, -1, -1, -1), AABB(0, 0, 0, -1, -1, -1), AABB(0, 0, 0, -1, -1, -1), AABB(0, 0, 0, -1, -1, -1), AABB(0, 0, 0, -1, -1, -1), AABB(0, 0, 0, -1, -1, -1), AABB(0, 0, 0, -1, -1, -1), AABB(0, 0, 0, -1, -1, -1), AABB(0, 0, 0, -1, -1, -1), AABB(0, 0, 0, -1, -1, -1), AABB(0, 0, 0, -1, -1, -1), AABB(0, 0, 0, -1, -1, -1), AABB(0, 0, 0, -1, -1, -1), AABB(0, 0, 0, -1, -1, -1), AABB(0, 0, 0, -1, -1, -1), AABB(0, 0, 0, -1, -1, -1), AABB(0, 0, 0, -1, -1, -1), AABB(0, 0, 0, -1, -1, -1), AABB(0, 0, 0, -1, -1, -1), AABB(0, 0, 0, -1, -1, -1), AABB(0, 0, 0, -1, -1, -1), AABB(0, 0, 0, -1, -1, -1), AABB(0, 0, 0, -1, -1, -1), AABB(0, 0, 0, -1, -1, -1), AABB(0, 0, 0, -1, -1, -1), AABB(0, 0, 0, -1, -1, -1), AABB(0, 0, 0, -1, -1, -1), AABB(0, 0, 0, -1, -1, -1), AABB(0, 0, 0, -1, -1, -1), AABB(0, 0, 0, -1, -1, -1), AABB(0, 0, 0, -1, -1, -1), AABB(0, 0, 0, -1, -1, -1), AABB(0, 0, 0, -1, -1, -1), AABB(0, 0, 0, -1, -1, -1), AABB(0, 0, 0, -1, -1, -1), AABB(0, 0, 0, -1, -1, -1), AABB(0, 0, 0, -1, -1, -1), AABB(0, 0, 0, -1, -1, -1), AABB(0, 0, 0, -1, -1, -1), AABB(0, 0, 0, -1, -1, -1), AABB(0, 0, 0, -1, -1, -1), AABB(0, 0, 0, -1, -1, -1), AABB(0, 0, 0, -1, -1, -1), AABB(0, 0, 0, -1, -1, -1), AABB(0, 0, 0, -1, -1, -1), AABB(0, 0, 0, -1, -1, -1), AABB(0, 0, 0, -1, -1, -1), AABB(0, 0, 0, -1, -1, -1), AABB(0, 0, 0, -1, -1, -1), AABB(0, 0, 0, -1, -1, -1), AABB(0, 0, 0, -1, -1, -1), AABB(0, 0, 0, -1, -1, -1), AABB(0, 0, 0, -1, -1, -1), AABB(0, 0, 0, -1, -1, -1), AABB(0, 0, 0, -1, -1, -1), AABB(0, 0, 0, -1, -1, -1), AABB(39.7651, 0.00201535, -0.204789, 0.468578, 18.4866, 0.409438)],
"format": 34359745559,
"index_count": 240,
"index_data": PackedByteArray(42, 0, 78, 0, 46, 0, 42, 0, 74, 0, 78, 0, 90, 0, 16, 0, 91, 0, 90, 0, 14, 0, 16, 0, 111, 0, 83, 0, 35, 0, 111, 0, 123, 0, 83, 0, 92, 0, 4, 0, 93, 0, 92, 0, 2, 0, 4, 0, 92, 0, 67, 0, 2, 0, 92, 0, 119, 0, 67, 0, 13, 0, 29, 0, 17, 0, 13, 0, 33, 0, 29, 0, 23, 0, 47, 0, 19, 0, 23, 0, 43, 0, 47, 0, 8, 0, 18, 0, 3, 0, 8, 0, 22, 0, 18, 0, 93, 0, 30, 0, 12, 0, 93, 0, 98, 0, 30, 0, 91, 0, 25, 0, 9, 0, 91, 0, 95, 0, 25, 0, 6, 0, 3, 0, 1, 0, 6, 0, 8, 0, 3, 0, 15, 0, 13, 0, 17, 0, 15, 0, 11, 0, 13, 0, 112, 0, 76, 0, 44, 0, 112, 0, 124, 0, 76, 0, 37, 0, 89, 0, 41, 0, 37, 0, 85, 0, 89, 0, 32, 0, 40, 0, 28, 0, 32, 0, 36, 0, 40, 0, 55, 0, 84, 0, 52, 0, 55, 0, 88, 0, 84, 0, 59, 0, 75, 0, 56, 0, 59, 0, 79, 0, 75, 0, 104, 0, 60, 0, 57, 0, 104, 0, 100, 0, 60, 0, 116, 0, 71, 0, 68, 0, 116, 0, 118, 0, 71, 0, 90, 0, 69, 0, 14, 0, 90, 0, 117, 0, 69, 0, 0, 0, 62, 0, 5, 0, 0, 0, 65, 0, 62, 0, 15, 0, 73, 0, 11, 0, 15, 0, 70, 0, 73, 0, 106, 0, 86, 0, 53, 0, 106, 0, 126, 0, 86, 0, 99, 0, 34, 0, 31, 0, 99, 0, 110, 0, 34, 0, 101, 0, 81, 0, 61, 0, 101, 0, 121, 0, 81, 0, 94, 0, 45, 0, 24, 0, 94, 0, 113, 0, 45, 0, 27, 0, 114, 0, 96, 0, 27, 0, 38, 0, 114, 0, 50, 0, 122, 0, 102, 0, 50, 0, 82, 0, 122, 0, 20, 0, 109, 0, 97, 0, 20, 0, 49, 0, 109, 0, 58, 0, 125, 0, 105, 0, 58, 0, 77, 0, 125, 0, 7, 0, 117, 0, 90, 0, 7, 0, 64, 0, 117, 0, 63, 0, 118, 0, 116, 0, 63, 0, 66, 0, 118, 0, 54, 0, 103, 0, 107, 0, 54, 0, 51, 0, 103, 0, 39, 0, 127, 0, 115, 0, 39, 0, 87, 0, 127, 0, 16, 0, 95, 0, 91, 0, 16, 0, 26, 0, 95, 0, 4, 0, 98, 0, 93, 0, 4, 0, 21, 0, 98, 0, 10, 0, 119, 0, 92, 0, 10, 0, 72, 0, 119, 0, 10, 0, 93, 0, 12, 0, 10, 0, 92, 0, 93, 0, 48, 0, 120, 0, 108, 0, 48, 0, 80, 0, 120, 0, 7, 0, 91, 0, 9, 0, 7, 0, 90, 0, 91, 0),
"lods": [0.137635, PackedByteArray(42, 0, 78, 0, 46, 0, 42, 0, 74, 0, 78, 0, 6, 0, 42, 0, 46, 0, 6, 0, 46, 0, 1, 0, 48, 0, 82, 0, 129, 0, 48, 0, 120, 0, 82, 0, 48, 0, 80, 0, 120, 0, 119, 0, 48, 0, 129, 0, 119, 0, 2, 0, 48, 0, 119, 0, 67, 0, 2, 0, 34, 0, 72, 0, 119, 0, 50, 0, 82, 0, 121, 0, 50, 0, 121, 0, 101, 0, 101, 0, 121, 0, 81, 0, 101, 0, 81, 0, 61, 0, 26, 0, 76, 0, 131, 0, 26, 0, 124, 0, 76, 0, 26, 0, 86, 0, 124, 0, 105, 0, 86, 0, 53, 0, 105, 0, 125, 0, 86, 0, 58, 0, 125, 0, 105, 0, 58, 0, 77, 0, 125, 0, 7, 0, 26, 0, 44, 0, 7, 0, 117, 0, 26, 0, 26, 0, 117, 0, 69, 0, 7, 0, 64, 0, 117, 0, 130, 0, 88, 0, 128, 0, 128, 0, 73, 0, 130, 0, 128, 0, 70, 0, 73, 0, 130, 0, 84, 0, 88, 0, 54, 0, 88, 0, 84, 0, 54, 0, 84, 0, 51, 0, 54, 0, 51, 0, 103, 0, 54, 0, 103, 0, 107, 0, 59, 0, 75, 0, 56, 0, 59, 0, 79, 0, 75, 0, 104, 0, 59, 0, 56, 0, 104, 0, 100, 0, 59, 0, 116, 0, 71, 0, 68, 0, 116, 0, 118, 0, 71, 0, 63, 0, 118, 0, 116, 0, 63, 0, 66, 0, 118, 0, 0, 0, 62, 0, 5, 0, 0, 0, 65, 0, 62, 0)],
"material": SubResource("StandardMaterial3D_cycvc"),
"name": "Ase",
"primitive": 3,
"skin_data": PackedByteArray(107, 0, 0, 0, 0, 0, 0, 0, 255, 255, 0, 0, 0, 0, 0, 0, 107, 0, 0, 0, 0, 0, 0, 0, 255, 255, 0, 0, 0, 0, 0, 0, 107, 0, 0, 0, 0, 0, 0, 0, 255, 255, 0, 0, 0, 0, 0, 0, 107, 0, 0, 0, 0, 0, 0, 0, 255, 255, 0, 0, 0, 0, 0, 0, 107, 0, 0, 0, 0, 0, 0, 0, 255, 255, 0, 0, 0, 0, 0, 0, 107, 0, 0, 0, 0, 0, 0, 0, 255, 255, 0, 0, 0, 0, 0, 0, 107, 0, 0, 0, 0, 0, 0, 0, 255, 255, 0, 0, 0, 0, 0, 0, 107, 0, 0, 0, 0, 0, 0, 0, 255, 255, 0, 0, 0, 0, 0, 0, 107, 0, 0, 0, 0, 0, 0, 0, 255, 255, 0, 0, 0, 0, 0, 0, 107, 0, 0, 0, 0, 0, 0, 0, 255, 255, 0, 0, 0, 0, 0, 0, 107, 0, 0, 0, 0, 0, 0, 0, 255, 255, 0, 0, 0, 0, 0, 0, 107, 0, 0, 0, 0, 0, 0, 0, 255, 255, 0, 0, 0, 0, 0, 0, 107, 0, 0, 0, 0, 0, 0, 0, 255, 255, 0, 0, 0, 0, 0, 0, 107, 0, 0, 0, 0, 0, 0, 0, 255, 255, 0, 0, 0, 0, 0, 0, 107, 0, 0, 0, 0, 0, 0, 0, 255, 255, 0, 0, 0, 0, 0, 0, 107, 0, 0, 0, 0, 0, 0, 0, 255, 255, 0, 0, 0, 0, 0, 0, 107, 0, 0, 0, 0, 0, 0, 0, 255, 255, 0, 0, 0, 0, 0, 0, 107, 0, 0, 0, 0, 0, 0, 0, 255, 255, 0, 0, 0, 0, 0, 0, 107, 0, 0, 0, 0, 0, 0, 0, 255, 255, 0, 0, 0, 0, 0, 0, 107, 0, 0, 0, 0, 0, 0, 0, 255, 255, 0, 0, 0, 0, 0, 0, 107, 0, 0, 0, 0, 0, 0, 0, 255, 255, 0, 0, 0, 0, 0, 0, 107, 0, 0, 0, 0, 0, 0, 0, 255, 255, 0, 0, 0, 0, 0, 0, 107, 0, 0, 0, 0, 0, 0, 0, 255, 255, 0, 0, 0, 0, 0, 0, 107, 0, 0, 0, 0, 0, 0, 0, 255, 255, 0, 0, 0, 0, 0, 0, 107, 0, 0, 0, 0, 0, 0, 0, 255, 255, 0, 0, 0, 0, 0, 0, 107, 0, 0, 0, 0, 0, 0, 0, 255, 255, 0, 0, 0, 0, 0, 0, 107, 0, 0, 0, 0, 0, 0, 0, 255, 255, 0, 0, 0, 0, 0, 0, 107, 0, 0, 0, 0, 0, 0, 0, 255, 255, 0, 0, 0, 0, 0, 0, 107, 0, 0, 0, 0, 0, 0, 0, 255, 255, 0, 0, 0, 0, 0, 0, 107, 0, 0, 0, 0, 0, 0, 0, 255, 255, 0, 0, 0, 0, 0, 0, 107, 0, 0, 0, 0, 0, 0, 0, 255, 255, 0, 0, 0, 0, 0, 0, 107, 0, 0, 0, 0, 0, 0, 0, 255, 255, 0, 0, 0, 0, 0, 0, 107, 0, 0, 0, 0, 0, 0, 0, 255, 255, 0, 0, 0, 0, 0, 0, 107, 0, 0, 0, 0, 0, 0, 0, 255, 255, 0, 0, 0, 0, 0, 0, 107, 0, 0, 0, 0, 0, 0, 0, 255, 255, 0, 0, 0, 0, 0, 0, 107, 0, 0, 0, 0, 0, 0, 0, 255, 255, 0, 0, 0, 0, 0, 0, 107, 0, 0, 0, 0, 0, 0, 0, 255, 255, 0, 0, 0, 0, 0, 0, 107, 0, 0, 0, 0, 0, 0, 0, 255, 255, 0, 0, 0, 0, 0, 0, 107, 0, 0, 0, 0, 0, 0, 0, 255, 255, 0, 0, 0, 0, 0, 0, 107, 0, 0, 0, 0, 0, 0, 0, 255, 255, 0, 0, 0, 0, 0, 0, 107, 0, 0, 0, 0, 0, 0, 0, 255, 255, 0, 0, 0, 0, 0, 0, 107, 0, 0, 0, 0, 0, 0, 0, 255, 255, 0, 0, 0, 0, 0, 0, 107, 0, 0, 0, 0, 0, 0, 0, 255, 255, 0, 0, 0, 0, 0, 0, 107, 0, 0, 0, 0, 0, 0, 0, 255, 255, 0, 0, 0, 0, 0, 0, 107, 0, 0, 0, 0, 0, 0, 0, 255, 255, 0, 0, 0, 0, 0, 0, 107, 0, 0, 0, 0, 0, 0, 0, 255, 255, 0, 0, 0, 0, 0, 0, 107, 0, 0, 0, 0, 0, 0, 0, 255, 255, 0, 0, 0, 0, 0, 0, 107, 0, 0, 0, 0, 0, 0, 0, 255, 255, 0, 0, 0, 0, 0, 0, 107, 0, 0, 0, 0, 0, 0, 0, 255, 255, 0, 0, 0, 0, 0, 0, 107, 0, 0, 0, 0, 0, 0, 0, 255, 255, 0, 0, 0, 0, 0, 0, 107, 0, 0, 0, 0, 0, 0, 0, 255, 255, 0, 0, 0, 0, 0, 0, 107, 0, 0, 0, 0, 0, 0, 0, 255, 255, 0, 0, 0, 0, 0, 0, 107, 0, 0, 0, 0, 0, 0, 0, 255, 255, 0, 0, 0, 0, 0, 0, 107, 0, 0, 0, 0, 0, 0, 0, 255, 255, 0, 0, 0, 0, 0, 0, 107, 0, 0, 0, 0, 0, 0, 0, 255, 255, 0, 0, 0, 0, 0, 0, 107, 0, 0, 0, 0, 0, 0, 0, 255, 255, 0, 0, 0, 0, 0, 0, 107, 0, 0, 0, 0, 0, 0, 0, 255, 255, 0, 0, 0, 0, 0, 0, 107, 0, 0, 0, 0, 0, 0, 0, 255, 255, 0, 0, 0, 0, 0, 0, 107, 0, 0, 0, 0, 0, 0, 0, 255, 255, 0, 0, 0, 0, 0, 0, 107, 0, 0, 0, 0, 0, 0, 0, 255, 255, 0, 0, 0, 0, 0, 0, 107, 0, 0, 0, 0, 0, 0, 0, 255, 255, 0, 0, 0, 0, 0, 0, 107, 0, 0, 0, 0, 0, 0, 0, 255, 255, 0, 0, 0, 0, 0, 0, 107, 0, 0, 0, 0, 0, 0, 0, 255, 255, 0, 0, 0, 0, 0, 0, 107, 0, 0, 0, 0, 0, 0, 0, 255, 255, 0, 0, 0, 0, 0, 0, 107, 0, 0, 0, 0, 0, 0, 0, 255, 255, 0, 0, 0, 0, 0, 0, 107, 0, 0, 0, 0, 0, 0, 0, 255, 255, 0, 0, 0, 0, 0, 0, 107, 0, 0, 0, 0, 0, 0, 0, 255, 255, 0, 0, 0, 0, 0, 0, 107, 0, 0, 0, 0, 0, 0, 0, 255, 255, 0, 0, 0, 0, 0, 0, 107, 0, 0, 0, 0, 0, 0, 0, 255, 255, 0, 0, 0, 0, 0, 0, 107, 0, 0, 0, 0, 0, 0, 0, 255, 255, 0, 0, 0, 0, 0, 0, 107, 0, 0, 0, 0, 0, 0, 0, 255, 255, 0, 0, 0, 0, 0, 0, 107, 0, 0, 0, 0, 0, 0, 0, 255, 255, 0, 0, 0, 0, 0, 0, 107, 0, 0, 0, 0, 0, 0, 0, 255, 255, 0, 0, 0, 0, 0, 0, 107, 0, 0, 0, 0, 0, 0, 0, 255, 255, 0, 0, 0, 0, 0, 0, 107, 0, 0, 0, 0, 0, 0, 0, 255, 255, 0, 0, 0, 0, 0, 0, 107, 0, 0, 0, 0, 0, 0, 0, 255, 255, 0, 0, 0, 0, 0, 0, 107, 0, 0, 0, 0, 0, 0, 0, 255, 255, 0, 0, 0, 0, 0, 0, 107, 0, 0, 0, 0, 0, 0, 0, 255, 255, 0, 0, 0, 0, 0, 0, 107, 0, 0, 0, 0, 0, 0, 0, 255, 255, 0, 0, 0, 0, 0, 0, 107, 0, 0, 0, 0, 0, 0, 0, 255, 255, 0, 0, 0, 0, 0, 0, 107, 0, 0, 0, 0, 0, 0, 0, 255, 255, 0, 0, 0, 0, 0, 0, 107, 0, 0, 0, 0, 0, 0, 0, 255, 255, 0, 0, 0, 0, 0, 0, 107, 0, 0, 0, 0, 0, 0, 0, 255, 255, 0, 0, 0, 0, 0, 0, 107, 0, 0, 0, 0, 0, 0, 0, 255, 255, 0, 0, 0, 0, 0, 0, 107, 0, 0, 0, 0, 0, 0, 0, 255, 255, 0, 0, 0, 0, 0, 0, 107, 0, 0, 0, 0, 0, 0, 0, 255, 255, 0, 0, 0, 0, 0, 0, 107, 0, 0, 0, 0, 0, 0, 0, 255, 255, 0, 0, 0, 0, 0, 0, 107, 0, 0, 0, 0, 0, 0, 0, 255, 255, 0, 0, 0, 0, 0, 0, 107, 0, 0, 0, 0, 0, 0, 0, 255, 255, 0, 0, 0, 0, 0, 0, 107, 0, 0, 0, 0, 0, 0, 0, 255, 255, 0, 0, 0, 0, 0, 0, 107, 0, 0, 0, 0, 0, 0, 0, 255, 255, 0, 0, 0, 0, 0, 0, 107, 0, 0, 0, 0, 0, 0, 0, 255, 255, 0, 0, 0, 0, 0, 0, 107, 0, 0, 0, 0, 0, 0, 0, 255, 255, 0, 0, 0, 0, 0, 0, 107, 0, 0, 0, 0, 0, 0, 0, 255, 255, 0, 0, 0, 0, 0, 0, 107, 0, 0, 0, 0, 0, 0, 0, 255, 255, 0, 0, 0, 0, 0, 0, 107, 0, 0, 0, 0, 0, 0, 0, 255, 255, 0, 0, 0, 0, 0, 0, 107, 0, 0, 0, 0, 0, 0, 0, 255, 255, 0, 0, 0, 0, 0, 0, 107, 0, 0, 0, 0, 0, 0, 0, 255, 255, 0, 0, 0, 0, 0, 0, 107, 0, 0, 0, 0, 0, 0, 0, 255, 255, 0, 0, 0, 0, 0, 0, 107, 0, 0, 0, 0, 0, 0, 0, 255, 255, 0, 0, 0, 0, 0, 0, 107, 0, 0, 0, 0, 0, 0, 0, 255, 255, 0, 0, 0, 0, 0, 0, 107, 0, 0, 0, 0, 0, 0, 0, 255, 255, 0, 0, 0, 0, 0, 0, 107, 0, 0, 0, 0, 0, 0, 0, 255, 255, 0, 0, 0, 0, 0, 0, 107, 0, 0, 0, 0, 0, 0, 0, 255, 255, 0, 0, 0, 0, 0, 0, 107, 0, 0, 0, 0, 0, 0, 0, 255, 255, 0, 0, 0, 0, 0, 0, 107, 0, 0, 0, 0, 0, 0, 0, 255, 255, 0, 0, 0, 0, 0, 0, 107, 0, 0, 0, 0, 0, 0, 0, 255, 255, 0, 0, 0, 0, 0, 0, 107, 0, 0, 0, 0, 0, 0, 0, 255, 255, 0, 0, 0, 0, 0, 0, 107, 0, 0, 0, 0, 0, 0, 0, 255, 255, 0, 0, 0, 0, 0, 0, 107, 0, 0, 0, 0, 0, 0, 0, 255, 255, 0, 0, 0, 0, 0, 0, 107, 0, 0, 0, 0, 0, 0, 0, 255, 255, 0, 0, 0, 0, 0, 0, 107, 0, 0, 0, 0, 0, 0, 0, 255, 255, 0, 0, 0, 0, 0, 0, 107, 0, 0, 0, 0, 0, 0, 0, 255, 255, 0, 0, 0, 0, 0, 0, 107, 0, 0, 0, 0, 0, 0, 0, 255, 255, 0, 0, 0, 0, 0, 0, 107, 0, 0, 0, 0, 0, 0, 0, 255, 255, 0, 0, 0, 0, 0, 0, 107, 0, 0, 0, 0, 0, 0, 0, 255, 255, 0, 0, 0, 0, 0, 0, 107, 0, 0, 0, 0, 0, 0, 0, 255, 255, 0, 0, 0, 0, 0, 0, 107, 0, 0, 0, 0, 0, 0, 0, 255, 255, 0, 0, 0, 0, 0, 0, 107, 0, 0, 0, 0, 0, 0, 0, 255, 255, 0, 0, 0, 0, 0, 0, 107, 0, 0, 0, 0, 0, 0, 0, 255, 255, 0, 0, 0, 0, 0, 0, 107, 0, 0, 0, 0, 0, 0, 0, 255, 255, 0, 0, 0, 0, 0, 0, 107, 0, 0, 0, 0, 0, 0, 0, 255, 255, 0, 0, 0, 0, 0, 0, 107, 0, 0, 0, 0, 0, 0, 0, 255, 255, 0, 0, 0, 0, 0, 0, 107, 0, 0, 0, 0, 0, 0, 0, 255, 255, 0, 0, 0, 0, 0, 0, 107, 0, 0, 0, 0, 0, 0, 0, 255, 255, 0, 0, 0, 0, 0, 0, 107, 0, 0, 0, 0, 0, 0, 0, 255, 255, 0, 0, 0, 0, 0, 0, 107, 0, 0, 0, 0, 0, 0, 0, 255, 255, 0, 0, 0, 0, 0, 0, 107, 0, 0, 0, 0, 0, 0, 0, 255, 255, 0, 0, 0, 0, 0, 0, 107, 0, 0, 0, 0, 0, 0, 0, 255, 255, 0, 0, 0, 0, 0, 0, 107, 0, 0, 0, 0, 0, 0, 0, 255, 255, 0, 0, 0, 0, 0, 0, 107, 0, 0, 0, 0, 0, 0, 0, 255, 255, 0, 0, 0, 0, 0, 0, 107, 0, 0, 0, 0, 0, 0, 0, 255, 255, 0, 0, 0, 0, 0, 0),
"uv_scale": Vector4(0, 0, 0, 0),
"vertex_count": 132,
"vertex_data": PackedByteArray(148, 165, 31, 66, 51, 35, 133, 63, 176, 216, 180, 61, 148, 165, 31, 66, 51, 35, 133, 63, 176, 216, 180, 61, 148, 165, 31, 66, 51, 35, 133, 63, 176, 216, 180, 61, 148, 165, 31, 66, 73, 190, 155, 63, 176, 216, 180, 61, 148, 165, 31, 66, 73, 190, 155, 63, 176, 216, 180, 61, 148, 165, 31, 66, 51, 35, 133, 63, 176, 216, 180, 189, 148, 165, 31, 66, 51, 35, 133, 63, 176, 216, 180, 189, 148, 165, 31, 66, 51, 35, 133, 63, 176, 216, 180, 189, 148, 165, 31, 66, 73, 190, 155, 63, 176, 216, 180, 189, 148, 165, 31, 66, 73, 190, 155, 63, 176, 216, 180, 189, 108, 90, 32, 66, 51, 35, 133, 63, 176, 216, 180, 61, 108, 90, 32, 66, 51, 35, 133, 63, 176, 216, 180, 61, 108, 90, 32, 66, 73, 190, 155, 63, 176, 216, 180, 61, 108, 90, 32, 66, 73, 190, 155, 63, 176, 216, 180, 61, 108, 90, 32, 66, 51, 35, 133, 63, 176, 216, 180, 189, 108, 90, 32, 66, 51, 35, 133, 63, 176, 216, 180, 189, 108, 90, 32, 66, 73, 190, 155, 63, 176, 216, 180, 189, 108, 90, 32, 66, 73, 190, 155, 63, 176, 216, 180, 189, 243, 164, 31, 66, 22, 132, 134, 65, 9, 180, 180, 61, 243, 164, 31, 66, 22, 132, 134, 65, 9, 180, 180, 61, 243, 164, 31, 66, 22, 132, 134, 65, 9, 180, 180, 61, 243, 164, 31, 66, 22, 132, 134, 65, 9, 180, 180, 61, 243, 164, 31, 66, 22, 132, 134, 65, 88, 253, 180, 189, 243, 164, 31, 66, 22, 132, 134, 65, 88, 253, 180, 189, 243, 164, 31, 66, 22, 132, 134, 65, 88, 253, 180, 189, 243, 164, 31, 66, 22, 132, 134, 65, 88, 253, 180, 189, 204, 89, 32, 66, 22, 132, 134, 65, 88, 253, 180, 189, 204, 89, 32, 66, 22, 132, 134, 65, 88, 253, 180, 189, 204, 89, 32, 66, 22, 132, 134, 65, 88, 253, 180, 189, 204, 89, 32, 66, 22, 132, 134, 65, 88, 253, 180, 189, 204, 89, 32, 66, 22, 132, 134, 65, 9, 180, 180, 61, 204, 89, 32, 66, 22, 132, 134, 65, 9, 180, 180, 61, 204, 89, 32, 66, 22, 132, 134, 65, 9, 180, 180, 61, 204, 89, 32, 66, 22, 132, 134, 65, 9, 180, 180, 61, 71, 239, 32, 66, 190, 122, 136, 65, 93, 4, 27, 62, 71, 239, 32, 66, 190, 122, 136, 65, 93, 4, 27, 62, 71, 239, 32, 66, 190, 122, 136, 65, 93, 4, 27, 62, 71, 239, 32, 66, 190, 122, 136, 65, 93, 4, 27, 62, 71, 239, 32, 66, 190, 122, 136, 65, 5, 41, 27, 190, 71, 239, 32, 66, 190, 122, 136, 65, 5, 41, 27, 190, 71, 239, 32, 66, 190, 122, 136, 65, 5, 41, 27, 190, 71, 239, 32, 66, 190, 122, 136, 65, 5, 41, 27, 190, 116, 15, 31, 66, 190, 122, 136, 65, 5, 41, 27, 190, 116, 15, 31, 66, 190, 122, 136, 65, 5, 41, 27, 190, 116, 15, 31, 66, 190, 122, 136, 65, 5, 41, 27, 190, 116, 15, 31, 66, 190, 122, 136, 65, 5, 41, 27, 190, 116, 15, 31, 66, 190, 122, 136, 65, 93, 4, 27, 62, 116, 15, 31, 66, 190, 122, 136, 65, 93, 4, 27, 62, 116, 15, 31, 66, 190, 122, 136, 65, 93, 4, 27, 62, 116, 15, 31, 66, 190, 122, 136, 65, 93, 4, 27, 62, 120, 62, 32, 66, 89, 191, 146, 65, 101, 238, 7, 61, 120, 62, 32, 66, 89, 191, 146, 65, 101, 238, 7, 61, 120, 62, 32, 66, 89, 191, 146, 65, 101, 238, 7, 61, 120, 62, 32, 66, 89, 191, 146, 65, 4, 129, 8, 189, 120, 62, 32, 66, 89, 191, 146, 65, 4, 129, 8, 189, 120, 62, 32, 66, 89, 191, 146, 65, 4, 129, 8, 189, 70, 192, 31, 66, 89, 191, 146, 65, 4, 129, 8, 189, 70, 192, 31, 66, 89, 191, 146, 65, 4, 129, 8, 189, 70, 192, 31, 66, 89, 191, 146, 65, 4, 129, 8, 189, 70, 192, 31, 66, 89, 191, 146, 65, 101, 238, 7, 61, 70, 192, 31, 66, 89, 191, 146, 65, 101, 238, 7, 61, 70, 192, 31, 66, 89, 191, 146, 65, 101, 238, 7, 61, 148, 165, 31, 66, 0, 20, 4, 59, 176, 216, 180, 189, 148, 165, 31, 66, 0, 20, 4, 59, 176, 216, 180, 189, 148, 165, 31, 66, 0, 20, 4, 59, 176, 216, 180, 189, 148, 165, 31, 66, 0, 20, 4, 59, 176, 216, 180, 61, 148, 165, 31, 66, 0, 20, 4, 59, 176, 216, 180, 61, 148, 165, 31, 66, 0, 20, 4, 59, 176, 216, 180, 61, 108, 90, 32, 66, 0, 20, 4, 59, 176, 216, 180, 189, 108, 90, 32, 66, 0, 20, 4, 59, 176, 216, 180, 189, 108, 90, 32, 66, 0, 20, 4, 59, 176, 216, 180, 189, 108, 90, 32, 66, 0, 20, 4, 59, 176, 216, 180, 61, 108, 90, 32, 66, 0, 20, 4, 59, 176, 216, 180, 61, 108, 90, 32, 66, 0, 20, 4, 59, 176, 216, 180, 61, 16, 90, 31, 66, 150, 95, 141, 65, 244, 197, 170, 189, 16, 90, 31, 66, 150, 95, 141, 65, 244, 197, 170, 189, 16, 90, 31, 66, 150, 95, 141, 65, 244, 197, 170, 189, 16, 90, 31, 66, 150, 95, 141, 65, 244, 197, 170, 189, 16, 90, 31, 66, 150, 95, 141, 65, 166, 124, 170, 61, 16, 90, 31, 66, 150, 95, 141, 65, 166, 124, 170, 61, 16, 90, 31, 66, 150, 95, 141, 65, 166, 124, 170, 61, 16, 90, 31, 66, 150, 95, 141, 65, 166, 124, 170, 61, 173, 164, 32, 66, 151, 95, 141, 65, 166, 124, 170, 61, 173, 164, 32, 66, 151, 95, 141, 65, 166, 124, 170, 61, 173, 164, 32, 66, 151, 95, 141, 65, 166, 124, 170, 61, 173, 164, 32, 66, 151, 95, 141, 65, 166, 124, 170, 61, 173, 164, 32, 66, 151, 95, 141, 65, 244, 197, 170, 189, 173, 164, 32, 66, 151, 95, 141, 65, 244, 197, 170, 189, 173, 164, 32, 66, 151, 95, 141, 65, 244, 197, 170, 189, 173, 164, 32, 66, 151, 95, 141, 65, 244, 197, 170, 189, 0, 0, 32, 66, 51, 35, 133, 63, 176, 216, 180, 189, 0, 0, 32, 66, 73, 190, 155, 63, 176, 216, 180, 189, 0, 0, 32, 66, 51, 35, 133, 63, 176, 216, 180, 61, 0, 0, 32, 66, 73, 190, 155, 63, 176, 216, 180, 61, 95, 255, 31, 66, 22, 132, 134, 65, 88, 253, 180, 189, 95, 255, 31, 66, 22, 132, 134, 65, 88, 253, 180, 189, 95, 255, 31, 66, 22, 132, 134, 65, 88, 253, 180, 189, 95, 255, 31, 66, 22, 132, 134, 65, 9, 180, 180, 61, 95, 255, 31, 66, 22, 132, 134, 65, 9, 180, 180, 61, 95, 255, 31, 66, 22, 132, 134, 65, 9, 180, 180, 61, 95, 255, 31, 66, 192, 232, 147, 65, 187, 50, 252, 60, 95, 255, 31, 66, 192, 232, 147, 65, 187, 50, 252, 60, 95, 255, 31, 66, 192, 232, 147, 65, 187, 50, 252, 60, 95, 255, 31, 66, 192, 232, 147, 65, 187, 50, 252, 60, 95, 255, 31, 66, 192, 232, 147, 65, 250, 87, 253, 188, 95, 255, 31, 66, 192, 232, 147, 65, 250, 87, 253, 188, 95, 255, 31, 66, 192, 232, 147, 65, 250, 87, 253, 188, 95, 255, 31, 66, 192, 232, 147, 65, 250, 87, 253, 188, 94, 255, 31, 66, 190, 122, 136, 65, 125, 143, 81, 62, 94, 255, 31, 66, 190, 122, 136, 65, 125, 143, 81, 62, 94, 255, 31, 66, 190, 122, 136, 65, 125, 143, 81, 62, 94, 255, 31, 66, 190, 122, 136, 65, 125, 143, 81, 62, 94, 255, 31, 66, 190, 122, 136, 65, 34, 180, 81, 190, 94, 255, 31, 66, 190, 122, 136, 65, 34, 180, 81, 190, 94, 255, 31, 66, 190, 122, 136, 65, 34, 180, 81, 190, 94, 255, 31, 66, 190, 122, 136, 65, 34, 180, 81, 190, 0, 0, 32, 66, 0, 20, 4, 59, 176, 216, 180, 189, 0, 0, 32, 66, 0, 20, 4, 59, 176, 216, 180, 189, 0, 0, 32, 66, 0, 20, 4, 59, 176, 216, 180, 61, 0, 0, 32, 66, 0, 20, 4, 59, 176, 216, 180, 61, 94, 255, 31, 66, 171, 158, 141, 65, 20, 81, 236, 61, 94, 255, 31, 66, 171, 158, 141, 65, 20, 81, 236, 61, 94, 255, 31, 66, 171, 158, 141, 65, 20, 81, 236, 61, 94, 255, 31, 66, 171, 158, 141, 65, 20, 81, 236, 61, 94, 255, 31, 66, 171, 158, 141, 65, 101, 154, 236, 189, 94, 255, 31, 66, 171, 158, 141, 65, 101, 154, 236, 189, 94, 255, 31, 66, 171, 158, 141, 65, 101, 154, 236, 189, 94, 255, 31, 66, 171, 158, 141, 65, 101, 154, 236, 189, 204, 89, 32, 66, 22, 132, 134, 65, 88, 253, 180, 189, 71, 239, 32, 66, 190, 122, 136, 65, 93, 4, 27, 62, 71, 239, 32, 66, 190, 122, 136, 65, 93, 4, 27, 62, 116, 15, 31, 66, 190, 122, 136, 65, 5, 41, 27, 190, 0, 0, 255, 127, 255, 255, 255, 191, 0, 0, 255, 127, 255, 127, 146, 36, 255, 127, 255, 127, 255, 127, 255, 255, 0, 0, 255, 127, 255, 127, 255, 255, 255, 127, 255, 127, 255, 127, 255, 255, 0, 0, 255, 127, 255, 255, 255, 191, 0, 0, 255, 127, 255, 127, 255, 255, 255, 255, 255, 255, 255, 127, 255, 255, 0, 0, 255, 127, 255, 127, 255, 255, 255, 255, 255, 255, 255, 127, 255, 255, 255, 127, 255, 127, 255, 127, 255, 255, 255, 255, 255, 127, 255, 127, 255, 255, 255, 127, 255, 127, 255, 127, 255, 255, 255, 255, 255, 127, 255, 127, 255, 255, 255, 255, 255, 255, 255, 127, 255, 255, 255, 255, 255, 127, 255, 127, 255, 255, 255, 255, 255, 255, 254, 127, 254, 255, 255, 255, 255, 127, 255, 127, 255, 255, 0, 0, 255, 127, 255, 255, 255, 191, 188, 47, 66, 80, 255, 255, 255, 191, 158, 114, 98, 94, 255, 255, 255, 63, 255, 127, 255, 127, 255, 255, 255, 63, 0, 0, 255, 127, 255, 255, 255, 191, 188, 47, 66, 80, 255, 255, 255, 191, 157, 33, 96, 13, 255, 255, 255, 191, 255, 255, 255, 255, 254, 127, 254, 255, 255, 255, 255, 255, 255, 255, 255, 191, 99, 222, 97, 13, 223, 89, 162, 255, 66, 208, 66, 80, 255, 255, 255, 191, 255, 255, 255, 127, 255, 255, 255, 191, 255, 127, 255, 127, 255, 255, 255, 63, 96, 141, 99, 94, 255, 255, 255, 63, 66, 208, 66, 80, 255, 255, 255, 191, 255, 255, 255, 127, 255, 255, 255, 191, 96, 141, 99, 94, 255, 255, 255, 63, 61, 149, 255, 140, 255, 255, 255, 63, 66, 208, 66, 80, 255, 255, 255, 191, 94, 242, 159, 141, 255, 255, 255, 191, 99, 222, 97, 13, 255, 255, 255, 191, 255, 242, 192, 234, 103, 112, 254, 127, 66, 208, 66, 80, 255, 255, 255, 191, 94, 242, 159, 141, 255, 255, 255, 191, 160, 13, 159, 141, 255, 255, 255, 191, 188, 47, 66, 80, 255, 255, 255, 191, 255, 12, 192, 234, 255, 255, 255, 191, 157, 33, 96, 13, 32, 166, 163, 255, 160, 13, 159, 141, 255, 255, 255, 191, 188, 47, 66, 80, 255, 255, 255, 191, 193, 106, 255, 140, 255, 255, 255, 63, 158, 114, 98, 94, 255, 255, 255, 63, 12, 149, 93, 138, 255, 255, 255, 63, 221, 217, 32, 166, 214, 88, 38, 237, 111, 239, 143, 144, 255, 255, 255, 191, 161, 245, 241, 234, 255, 255, 255, 191, 221, 217, 32, 166, 83, 89, 11, 237, 111, 239, 143, 144, 255, 255, 255, 191, 143, 16, 143, 144, 255, 255, 255, 191, 33, 38, 32, 166, 214, 88, 216, 146, 93, 10, 241, 234, 255, 255, 255, 191, 143, 16, 143, 144, 255, 255, 255, 191, 33, 38, 32, 166, 83, 89, 242, 146, 242, 106, 93, 138, 255, 255, 255, 63, 0, 0, 255, 127, 255, 255, 255, 191, 255, 127, 0, 0, 255, 255, 255, 191, 255, 255, 255, 255, 255, 255, 255, 191, 0, 0, 255, 127, 255, 255, 255, 191, 255, 127, 0, 0, 255, 255, 255, 191, 255, 127, 255, 127, 255, 255, 255, 63, 255, 127, 0, 0, 255, 255, 255, 191, 255, 255, 255, 255, 255, 255, 255, 191, 255, 255, 255, 127, 255, 255, 255, 191, 255, 127, 0, 0, 255, 255, 255, 191, 255, 127, 255, 127, 255, 255, 255, 63, 255, 255, 255, 127, 255, 255, 255, 191, 160, 13, 159, 141, 255, 255, 255, 191, 143, 16, 143, 144, 255, 255, 255, 191, 255, 12, 192, 234, 151, 143, 254, 127, 93, 10, 241, 234, 255, 255, 255, 191, 160, 13, 159, 141, 255, 255, 255, 191, 143, 16, 143, 144, 255, 255, 255, 191, 193, 106, 255, 140, 255, 255, 255, 63, 242, 106, 93, 138, 255, 255, 255, 63, 12, 149, 93, 138, 255, 255, 255, 63, 61, 149, 255, 140, 255, 255, 255, 63, 111, 239, 143, 144, 255, 255, 255, 191, 94, 242, 159, 141, 255, 255, 255, 191, 161, 245, 241, 234, 255, 255, 255, 191, 255, 242, 192, 234, 255, 255, 255, 191, 111, 239, 143, 144, 255, 255, 255, 191, 94, 242, 159, 141, 255, 255, 255, 191, 255, 255, 255, 255, 255, 127, 255, 255, 255, 255, 255, 255, 255, 127, 254, 255, 255, 127, 255, 127, 255, 127, 255, 255, 255, 127, 255, 127, 255, 127, 255, 255, 157, 33, 96, 13, 32, 166, 163, 255, 255, 255, 255, 255, 254, 127, 254, 255, 99, 222, 97, 13, 223, 89, 162, 255, 158, 114, 98, 94, 255, 255, 255, 63, 255, 127, 255, 127, 255, 255, 255, 63, 96, 141, 99, 94, 255, 255, 255, 63, 33, 38, 32, 166, 78, 90, 148, 147, 242, 106, 93, 138, 255, 255, 255, 63, 12, 149, 93, 138, 255, 255, 255, 63, 221, 217, 32, 166, 21, 90, 172, 236, 33, 38, 32, 166, 21, 90, 81, 147, 93, 10, 241, 234, 255, 255, 255, 191, 161, 245, 241, 234, 255, 255, 255, 191, 221, 217, 32, 166, 78, 90, 106, 236, 193, 106, 255, 140, 255, 255, 255, 63, 158, 114, 98, 94, 255, 255, 255, 63, 96, 141, 99, 94, 255, 255, 255, 63, 61, 149, 255, 140, 255, 255, 255, 63, 255, 12, 192, 234, 151, 143, 254, 127, 157, 33, 96, 13, 32, 166, 163, 255, 99, 222, 97, 13, 223, 89, 162, 255, 255, 242, 192, 234, 103, 112, 254, 127, 255, 127, 0, 0, 255, 255, 255, 191, 255, 255, 255, 255, 255, 255, 255, 191, 255, 127, 0, 0, 255, 255, 255, 191, 255, 127, 255, 127, 255, 255, 255, 63, 193, 106, 255, 140, 255, 255, 255, 63, 242, 106, 93, 138, 255, 255, 255, 63, 12, 149, 93, 138, 255, 255, 255, 63, 61, 149, 255, 140, 255, 255, 255, 63, 255, 12, 192, 234, 151, 143, 254, 127, 93, 10, 241, 234, 255, 255, 255, 191, 161, 245, 241, 234, 255, 255, 255, 191, 255, 242, 192, 234, 103, 112, 254, 127, 232, 253, 232, 125, 255, 255, 255, 191, 243, 135, 167, 135, 255, 255, 255, 63, 242, 252, 12, 131, 255, 255, 255, 191, 242, 26, 56, 11, 255, 255, 255, 191)
}]
blend_shape_mode = 0

[sub_resource type="Skin" id="Skin_vyqos"]
resource_name = "Skin"
bind_count = 160
bind/0/name = &"Control"
bind/0/bone = -1
bind/0/pose = Transform3D(1, 0, 0, 0, 0, -1, 0, 1, 0, 0, 0.0896612, -7.10435)
bind/1/name = &"JalatControl"
bind/1/bone = -1
bind/1/pose = Transform3D(1, 0, 0, 0, 1, 0, 0, 0, 1, 0, 0, -2.98023e-08)
bind/2/name = &"KantaIK.R"
bind/2/bone = -1
bind/2/pose = Transform3D(0.0130372, 0.999915, 2.72087e-05, -0.00208705, 8.60382e-10, 0.999998, 0.999913, -0.0130373, 0.00208682, -0.670147, -0.0049789, -1.00439)
bind/3/name = &"Jalkatera.R"
bind/3/bone = -1
bind/3/pose = Transform3D(-0.0150788, 0.940314, -0.339967, 0.00161578, -0.339984, -0.94043, -0.999885, -0.0147299, 0.00360725, -0.600095, 0.228401, 1.02256)
bind/4/name = &"Kantapaa.R"
bind/4/bone = -1
bind/4/pose = Transform3D(0.000843106, -0.175837, -0.984419, -0.000150754, -0.984417, 0.175835, -1, 1.40105e-07, -0.000856412, 0.121652, 0.645663, 1.01303)
bind/5/name = &"Kantapaa.R.001"
bind/5/bone = -1
bind/5/pose = Transform3D(0.00102313, 0.999999, -1.24385e-08, 5.51673e-08, -1.33005e-08, -1, -0.999999, 0.00102313, 2.20105e-10, -0.098231, 0.107084, 1.01284)
bind/6/name = &"PolviIK.R"
bind/6/bone = -1
bind/6/pose = Transform3D(-0.0153237, 0.999883, 9.05145e-06, -0.00059387, -5.05379e-08, -1, -0.999882, -0.0153237, 0.000593856, -2.87622, -5.17263, 1.01578)
bind/7/name = &"KantaIK.L"
bind/7/bone = -1
bind/7/pose = Transform3D(0.0130372, -0.999915, -2.72087e-05, 0.00208705, 8.60382e-10, 0.999998, -0.999913, -0.0130373, 0.00208682, 0.670147, -0.0049789, -1.00439)
bind/8/name = &"Jalkatera.L"
bind/8/bone = -1
bind/8/pose = Transform3D(-0.0150788, -0.940314, 0.339967, -0.00161578, -0.339984, -0.94043, 0.999885, -0.0147299, 0.00360725, 0.600095, 0.228401, 1.02256)
bind/9/name = &"Kantapaa.L"
bind/9/bone = -1
bind/9/pose = Transform3D(0.000843106, 0.175837, 0.984419, 0.000150754, -0.984417, 0.175835, 1, 1.40105e-07, -0.000856412, -0.121652, 0.645663, 1.01303)
bind/10/name = &"Kantapaa.L.001"
bind/10/bone = -1
bind/10/pose = Transform3D(0.00102313, -0.999999, 1.24385e-08, -5.51673e-08, -1.33005e-08, -1, 0.999999, 0.00102313, 2.20105e-10, 0.098231, 0.107084, 1.01284)
bind/11/name = &"PolviIK.L"
bind/11/bone = -1
bind/11/pose = Transform3D(-0.0153237, -0.999883, -9.05145e-06, 0.00059387, -5.05379e-08, -1, 0.999882, -0.0153237, 0.000593856, 2.87622, -5.17263, 1.01578)
bind/12/name = &"Pomppucontrol.001"
bind/12/bone = -1
bind/12/pose = Transform3D(1, -8.74228e-08, 0, 0, 0, 1, -8.74228e-08, -1, 0, 4.93736e-07, -2.98023e-08, 5.64768)
bind/13/name = &"Lanne.R"
bind/13/bone = -1
bind/13/pose = Transform3D(4.50133e-08, -1.4205e-07, 1, 0.953283, 0.302079, -1.24045e-07, -0.302079, 0.953283, 1.01833e-07, 7.70836e-07, -1.70261, -5.37299)
bind/14/name = &"Reisi.R"
bind/14/bone = -1
bind/14/pose = Transform3D(-0.00054698, 0.0302796, -0.999541, 0.0138525, -0.999445, -0.0302842, -0.999904, -0.0138628, 0.000127336, -0.373585, 5.83457, 1.01093)
bind/15/name = &"Reisi.R.002"
bind/15/bone = -1
bind/15/pose = Transform3D(-0.000487559, 0.0257212, -0.999669, 0.0117677, -0.9996, -0.0257251, -0.999931, -0.0117765, 0.000184791, -0.358909, 3.21998, 1.00422)
bind/16/name = &"Saari.R"
bind/16/bone = -1
bind/16/pose = Transform3D(0.00218994, -0.137142, -0.990549, 0.0193519, -0.99036, 0.137159, -0.999811, -0.0194695, 0.000485243, 0.0949092, 2.78017, 1.02562)
bind/17/name = &"Lanne.L"
bind/17/bone = -1
bind/17/pose = Transform3D(2.7008e-08, 8.52301e-08, -1, -0.953283, 0.302079, 5.02156e-08, 0.302079, 0.953283, 1.09139e-07, -4.50581e-07, -1.70261, -5.37299)
bind/18/name = &"Reisi.L"
bind/18/bone = -1
bind/18/pose = Transform3D(-0.000547067, -0.0302796, 0.999541, -0.0138527, -0.999445, -0.0302843, 0.999904, -0.0138627, 0.000127267, 0.373585, 5.83457, 1.01093)
bind/19/name = &"Reisi.L.002"
bind/19/bone = -1
bind/19/pose = Transform3D(-0.000487558, -0.0257212, 0.999669, -0.0117679, -0.9996, -0.0257252, 0.999931, -0.0117765, 0.000184634, 0.358909, 3.21998, 1.00422)
bind/20/name = &"Saari.L"
bind/20/bone = -1
bind/20/pose = Transform3D(0.00218994, 0.137142, 0.990549, -0.0193522, -0.99036, 0.137159, 0.99981, -0.0194695, 0.000485127, -0.0949094, 2.78017, 1.02562)
bind/21/name = &"Pomppucontrol"
bind/21/bone = -1
bind/21/pose = Transform3D(1, 0, 0, 0, 1, 0, 0, 0, 1, 0, -5.64768, -2.98023e-08)
bind/22/name = &"RankaJaPersusControl"
bind/22/bone = -1
bind/22/pose = Transform3D(-0.058331, -1.35889e-09, -0.998297, -2.32963e-08, 1, 2.22045e-16, 0.998297, 2.32566e-08, -0.058331, -0.186231, -5.6363, -0.0206955)
bind/23/name = &"ranka.004"
bind/23/bone = -1
bind/23/pose = Transform3D(-0.0631858, -0.392865, -0.917423, -0.00737339, 0.919419, -0.393211, 0.997975, -0.0180809, -0.0609909, 2.38878, -6.06426, 0.0966213)
bind/24/name = &"rankaControl"
bind/24/bone = -1
bind/24/pose = Transform3D(-0.0108543, 0.99992, 0.00658542, 0.102865, -0.00543422, 0.994681, 0.994636, 0.011474, -0.102798, -7.73215, 0.747858, -0.161723)
bind/25/name = &"ranka.001"
bind/25/bone = -1
bind/25/pose = Transform3D(-0.102865, 0.00543431, -0.994681, -0.010856, 0.99992, 0.00658571, 0.994636, 0.0114756, -0.102798, -0.747859, -7.73215, -0.161736)
bind/26/name = &"ranka.002"
bind/26/bone = -1
bind/26/pose = Transform3D(-0.00110726, 0.27935, -0.960189, 0.00763696, 0.960164, 0.279334, 0.99997, -0.00702362, -0.00319652, -3.20546, -8.5087, 0.0758544)
bind/27/name = &"kaula"
bind/27/bone = -1
bind/27/pose = Transform3D(-5.94309e-08, -0.38748, -0.921878, -2.14439e-08, 0.921878, -0.38748, 1, 4.88338e-11, -4.19457e-08, 4.05549, -10.0961, -1.05974e-08)
bind/28/name = &"paa"
bind/28/bone = -1
bind/28/pose = Transform3D(-4.01339e-07, -3.08056e-18, -1, 3.30846e-09, 1, 2.98023e-08, 1, -1.78677e-15, -3.80188e-07, -0.409322, -11.4402, -1.48489e-07)
bind/29/name = &"Leuka"
bind/29/bone = -1
bind/29/pose = Transform3D(-3.99019e-07, 0.00573775, -0.999984, 5.73251e-09, 0.999984, 0.00573778, 1, -1.34489e-10, -3.77894e-07, -1.29001, -11.2293, -1.26902e-07)
bind/30/name = &"Alahuuli.R"
bind/30/bone = -1
bind/30/pose = Transform3D(0.179789, 0.0659198, -0.981494, 0.930896, 0.311116, 0.191416, 0.317977, -0.948083, -0.00542906, -1.9679, -3.38722, 11.029)
bind/31/name = &"Ylähuuli.R"
bind/31/bone = -1
bind/31/pose = Transform3D(0.199022, -0.0190881, -0.979809, 0.971845, -0.12483, 0.199837, -0.126124, -0.991995, -0.00629336, -0.973003, 1.7194, 11.7134)
bind/32/name = &"Ylähuuli"
bind/32/bone = -1
bind/32/pose = Transform3D(-4.01339e-07, 4.65662e-10, -1, 3.30845e-09, 1, 3.0268e-08, 1, -3.37234e-18, -3.80188e-07, -1.22324, -11.8157, -1.31273e-07)
bind/33/name = &"Kulmakarva.R"
bind/33/bone = -1
bind/33/pose = Transform3D(-0.00245075, 0.00518991, -0.999984, 0.904287, 0.426924, -4.50527e-07, 0.426917, -0.904272, -0.00573947, -1.33754, -5.289, 11.1954)
bind/34/name = &"Kulmakarva.R.001"
bind/34/bone = -1
bind/34/pose = Transform3D(0.280903, 0.0173971, -0.959579, 0.958804, 0.0389608, 0.281383, 0.0422812, -0.999089, -0.00573623, -1.50187, -0.342553, 12.4659)
bind/35/name = &"Leuka.R"
bind/35/bone = -1
bind/35/pose = Transform3D(-0.391027, -0.118563, 0.912711, 0.9146, 0.0609028, 0.399748, -0.102982, 0.991077, 0.0846229, 2.45081, -0.194424, -11.0326)
bind/36/name = &"Leuka.R.001"
bind/36/bone = -1
bind/36/pose = Transform3D(-0.448595, -0.249403, 0.858232, 0.695053, 0.506315, 0.510437, -0.56184, 0.825496, -0.0537819, 3.87419, -5.27453, -9.22414)
bind/37/name = &"Alahuuli.L"
bind/37/bone = -1
bind/37/pose = Transform3D(0.179789, -0.0659197, 0.981494, -0.930896, 0.311116, 0.191416, -0.317977, -0.948083, -0.005429, 1.9679, -3.38722, 11.029)
bind/38/name = &"Ylähuuli.L"
bind/38/bone = -1
bind/38/pose = Transform3D(0.199022, 0.0190881, 0.979809, -0.971845, -0.124831, 0.199837, 0.126124, -0.991995, -0.00629332, 0.973002, 1.71941, 11.7134)
bind/39/name = &"Kulmakarva.L"
bind/39/bone = -1
bind/39/pose = Transform3D(-0.00245074, -0.0051899, 0.999984, -0.904287, 0.426924, -4.9104e-07, -0.426917, -0.904273, -0.00573948, 1.33754, -5.289, 11.1954)
bind/40/name = &"Kulmakarva.L.001"
bind/40/bone = -1
bind/40/pose = Transform3D(0.280903, -0.0173971, 0.959579, -0.958804, 0.0389609, 0.281383, -0.0422812, -0.999089, -0.00573621, 1.50187, -0.342553, 12.4659)
bind/41/name = &"Leuka.L"
bind/41/bone = -1
bind/41/pose = Transform3D(-0.391027, 0.118563, -0.912711, -0.9146, 0.060903, 0.399748, 0.102982, 0.991077, 0.0846229, -2.45081, -0.194426, -11.0326)
bind/42/name = &"Leuka.L.001"
bind/42/bone = -1
bind/42/pose = Transform3D(-0.448595, 0.249403, -0.858232, -0.695053, 0.506315, 0.510437, 0.56184, 0.825496, -0.0537819, -3.87419, -5.27453, -9.22414)
bind/43/name = &"Nenä"
bind/43/bone = -1
bind/43/pose = Transform3D(-7.30756e-07, -0.274885, 0.961475, -2.15736e-07, -0.961477, -0.274885, 1, -4.04991e-07, 6.64457e-07, 4.62965, 11.5614, 6.19709e-06)
bind/44/name = &"Nenä.001"
bind/44/bone = -1
bind/44/pose = Transform3D(-1.65315e-06, -0.469185, 0.883099, 7.9845e-08, -0.8831, -0.469185, 1, -7.01816e-07, 1.51851e-06, 7.01941, 10.9995, 1.13541e-05)
bind/45/name = &"Kypara"
bind/45/bone = -1
